         300   0.00240445
         310    0.0931483
         320     0.183892
         330     0.274636
         340     0.365380
         350     0.456124
         360     0.546867
         370     0.637611
         380     0.728355
         390     0.819099
         400     0.909843
         410     0.912728
         420     0.915614
         430     0.918499
         440     0.921384
         450     0.924269
         460     0.925808
         470     0.927347
         480     0.928886
         490     0.930425
         500     0.931964
         510     0.932733
         520     0.933503
         530     0.934272
         540     0.935041
         550     0.935811
         560     0.936388
         570     0.936965
         580     0.937542
         590     0.938119
         600     0.938696
         610     0.939081
         620     0.939466
         630     0.939850
         640     0.940235
         650     0.940620
         660     0.940812
         670     0.941005
         680     0.941197
         690     0.941389
         700     0.941582
         710     0.941966
         720     0.942351
         730     0.942736
         740     0.943120
         750     0.943505
         760     0.943697
         770     0.943890
         780     0.944082
         790     0.944275
         800     0.944467
         810     0.944467
         820     0.944467
         830     0.944467
         840     0.944467
         850     0.944467
         860     0.944659
         870     0.944852
         880     0.945044
         890     0.945236
         900     0.945429
         910     0.945429
         920     0.945429
         930     0.945429
         940     0.945429
         950     0.945429
         960     0.945621
         970     0.945813
         980     0.946006
         990     0.946198
        1000     0.946390
        1010     0.946390
        1020     0.946390
        1030     0.946390
        1040     0.946390
        1050     0.946390
        1060     0.946390
        1070     0.946390
        1080     0.946390
        1090     0.946390
        1100     0.946390
        1110     0.946390
        1120     0.946390
        1130     0.946390
        1140     0.946390
        1150     0.946390
        1160     0.946390
        1170     0.946390
        1180     0.946390
        1190     0.946390
        1200     0.946390
        1210     0.946390
        1220     0.946390
        1230     0.946390
        1240     0.946390
        1250     0.946390
        1260     0.946390
        1270     0.946390
        1280     0.946390
        1290     0.946390
        1300     0.946390
        1310     0.946390
        1320     0.946390
        1330     0.946390
        1340     0.946390
        1350     0.946390
        1360     0.946390
        1370     0.946390
        1380     0.946390
        1390     0.946390
        1400     0.946390
        1410     0.946390
        1420     0.946390
        1430     0.946390
        1440     0.946390
        1450     0.946390
        1460     0.946390
        1470     0.946390
        1480     0.946390
        1490     0.946390
        1500     0.946390
        1510     0.946390
        1520     0.946390
        1530     0.946390
        1540     0.946390
        1550     0.946390
        1560     0.946390
        1570     0.946390
        1580     0.946390
        1590     0.946390
        1600     0.946390
        1610     0.946390
        1620     0.946390
        1630     0.946390
        1640     0.946390
        1650     0.946390
        1660     0.946390
        1670     0.946390
        1680     0.946390
        1690     0.946390
        1700     0.946390
        1710     0.946390
        1720     0.946390
        1730     0.946390
        1740     0.946390
        1750     0.946390
        1760     0.946390
        1770     0.946390
        1780     0.946390
        1790     0.946390
        1800     0.946390
        1810     0.946390
        1820     0.946390
        1830     0.946390
        1840     0.946390
        1850     0.946390
        1860     0.946390
        1870     0.946390
        1880     0.946390
        1890     0.946390
        1900     0.946390
        1910     0.946390
        1920     0.946390
        1930     0.946390
        1940     0.946390
        1950     0.946390
        1960     0.946390
        1970     0.946390
        1980     0.946390
        1990     0.946390
        2000     0.946390
        2010     0.946390
        2020     0.946390
        2030     0.946390
        2040     0.946390
        2050     0.946390
        2060     0.946390
        2070     0.946390
        2080     0.946390
        2090     0.946390
        2100     0.946390
        2110     0.946390
        2120     0.946390
        2130     0.946390
        2140     0.946390
        2150     0.946390
        2160     0.946390
        2170     0.946390
        2180     0.946390
        2190     0.946390
        2200     0.946390
        2210     0.946390
        2220     0.946390
        2230     0.946390
        2240     0.946390
        2250     0.946390
        2260     0.946390
        2270     0.946390
        2280     0.946390
        2290     0.946390
        2300     0.946390
        2310     0.946390
        2320     0.946390
        2330     0.946390
        2340     0.946390
        2350     0.946390
        2360     0.946390
        2370     0.946390
        2380     0.946390
        2390     0.946390
        2400     0.946390
        2410     0.946390
        2420     0.946390
        2430     0.946390
        2440     0.946390
        2450     0.946390
        2460     0.946390
        2470     0.946390
        2480     0.946390
        2490     0.946390
        2500     0.946390
